1.0	0.0836777	-1.0	1.0	
6.0	0.0836777	-1.0	1.0	
7.0	0.0836777	-1.0	1.0	
8.0	0.0836777	-1.0	1.0	
1.0	0.0836777	1.0	1.0	
6.0	0.0836777	1.0	1.0	
7.0	0.0836777	1.0	1.0	
8.0	0.0836777	1.0	1.0	
1.0	0.1685744	-1.0	1.0	
6.0	0.1685744	-1.0	1.0	
7.0	0.1685744	-1.0	1.0	
8.0	0.1685744	-1.0	1.0	
1.0	0.1685744	1.0	1.0	
6.0	0.1685744	1.0	1.0	
7.0	0.1685744	1.0	1.0	
8.0	0.1685744	1.0	1.0	
1.0	0.5	-1.0	1.0	
6.0	0.5	-1.0	1.0	
7.0	0.5	-1.0	1.0	
8.0	0.5	-1.0	1.0	
1.0	0.5	1.0	1.0	
6.0	0.5	1.0	1.0	
7.0	0.5	1.0	1.0	
8.0	0.5	1.0	1.0	
