1.0	6.377551	7.5	
6.0	6.377551	7.5	
7.0	6.377551	7.5	
8.0	6.377551	7.5	
1.0	6.377551	7.22	
6.0	6.377551	7.22	
7.0	6.377551	7.22	
8.0	6.377551	7.22	
1.0	6.377551	6.94	
6.0	6.377551	6.94	
7.0	6.377551	6.94	
8.0	6.377551	6.94	
1.0	6.377551	6.66	
6.0	6.377551	6.66	
7.0	6.377551	6.66	
8.0	6.377551	6.66	
1.0	6.377551	6.38	
6.0	6.377551	6.38	
7.0	6.377551	6.38	
8.0	6.377551	6.38	
1.0	6.377551	6.10	
6.0	6.377551	6.10	
7.0	6.377551	6.10	
8.0	6.377551	6.10	
1.0	6.377551	5.82	
6.0	6.377551	5.82	
7.0	6.377551	5.82	
8.0	6.377551	5.82	
1.0	6.377551	5.54	
6.0	6.377551	5.54	
7.0	6.377551	5.54	
8.0	6.377551	5.54	
1.0	6.377551	5.26	
6.0	6.377551	5.26	
7.0	6.377551	5.26	
8.0	6.377551	5.26	
1.0	6.377551	4.98	
6.0	6.377551	4.98	
7.0	6.377551	4.98	
8.0	6.377551	4.98	
1.0	6.377551	4.7	
6.0	6.377551	4.7	
7.0	6.377551	4.7	
8.0	6.377551	4.7	
1.0	6.377551	4.42	
6.0	6.377551	4.42	
7.0	6.377551	4.42	
8.0	6.377551	4.42	
1.0	6.377551	4.14	
6.0	6.377551	4.14	
7.0	6.377551	4.14	
8.0	6.377551	4.14	
1.0	6.377551	3.86	
6.0	6.377551	3.86	
7.0	6.377551	3.86	
8.0	6.377551	3.86	
1.0	6.377551	3.58	
6.0	6.377551	3.58	
7.0	6.377551	3.58	
8.0	6.377551	3.58	
1.0	6.377551	3.30	
6.0	6.377551	3.30	
7.0	6.377551	3.30	
8.0	6.377551	3.30	
1.0	6.377551	3.02	
6.0	6.377551	3.02	
7.0	6.377551	3.02	
8.0	6.377551	3.02	
1.0	6.377551	2.74	
6.0	6.377551	2.74	
7.0	6.377551	2.74	
8.0	6.377551	2.74	
1.0	6.377551	2.46	
6.0	6.377551	2.46	
7.0	6.377551	2.46	
8.0	6.377551	2.46	
1.0	6.377551	2.18	
6.0	6.377551	2.18	
7.0	6.377551	2.18	
8.0	6.377551	2.18	
1.0	6.377551	1.90	
6.0	6.377551	1.90	
7.0	6.377551	1.90	
8.0	6.377551	1.90	
1.0	6.377551	1.62	
6.0	6.377551	1.62	
7.0	6.377551	1.62	
8.0	6.377551	1.62	
1.0	6.377551	1.34	
6.0	6.377551	1.34	
7.0	6.377551	1.34	
8.0	6.377551	1.34	
1.0	6.377551	1.06	
6.0	6.377551	1.06	
7.0	6.377551	1.06	
8.0	6.377551	1.06	
1.0	6.377551	0.78	
6.0	6.377551	0.78	
7.0	6.377551	0.78	
8.0	6.377551	0.78	
1.0	6.377551	0.5	
6.0	6.377551	0.5	
7.0	6.377551	0.5	
8.0	6.377551	0.5	
